A	B	C	D	E	F	G	H	I	J	K	L
3,78	3,59	3,79	3,32	3,68	3,77	3,75	3,22	3,54	3,75	3,72	3,60
3,90	3,30	3,31	3,14	3,68	3,26	3,82	3,10	3,07	3,24	3,26	3,40
4,22	3,59	3,70	3,75	3,75	3,46	4,04	3,70	3,65	3,37	3,57	3,77
3,97	3,55	3,60	3,59	3,66	3,84	3,97	3,40	3,52	3,72	3,65	3,84
4,20	3,30	3,67	3,50	3,79	3,56	4,04	3,50	3,62	3,66	3,47	3,99
4,25	3,85	4,00	4,02	4,18	4,19	4,42	3,89	3,90	4,04	3,91	4,37
3,85	3,65	3,65	3,67	3,61	3,68	3,57	3,75	3,76	3,68	3,61	3,77
3,94	3,67	3,80	3,82	3,60	3,76	3,82	3,82	3,84	3,77	3,60	4,07
3,72	3,24	3,52	3,44	3,79	3,62	3,70	3,20	3,29	3,43	3,25	3,79
4,02	3,58	3,72	3,35	3,79	3,67	3,89	3,19	3,41	3,88	3,57	3,45
4,04	3,79	3,85	3,52	3,78	3,77	4,09	3,57	3,38	3,85	3,55	3,92
4,04	3,70	3,76	3,90	3,78	3,95	3,99	3,77	3,66	3,54	3,81	4,00
4,19	3,75	3,66	4,04	3,91	3,95	4,17	4,14	3,79	3,61	3,92	4,09
3,87	3,19	3,37	3,05	3,34	3,63	3,64	3,04	3,29	3,38	3,54	3,59
3,82	3,43	3,59	3,50	3,78	3,32	3,92	3,52	3,37	3,50	3,22	3,84
4,12	3,64	3,55	3,29	3,57	3,87	3,90	3,22	3,48	3,60	3,48	3,87
3,55	3,33	3,37	3,25	3,48	3,30	3,42	3,22	3,20	3,26	3,34	3,44
4,55	3,94	3,94	4,05	4,08	4,06	4,47	3,77	4,06	4,22	3,84	4,17
3,72	3,70	3,75	3,69	3,72	3,26	3,81	3,44	3,50	3,88	3,50	3,34
4,10	3,67	3,67	3,59	3,55	3,97	4,09	3,62	3,50	3,71	3,75	4,00
3,93	3,66	3,72	3,84	3,88	3,64	3,92	3,89	3,79	3,81	3,64	4,05
4,07	3,65	3,69	3,92	3,80	4,02	3,99	4,04	3,92	3,85	3,82	4,22
4,09	3,72	3,85	3,74	3,91	3,82	4,12	3,77	3,75	3,79	3,67	4,05
3,84	3,57	3,50	3,36	3,88	3,87	3,82	3,19	3,19	3,63	3,54	3,69
3,65	3,79	3,87	3,90	3,72	3,63	3,66	3,81	3,87	3,80	3,84	3,90
3,90	3,47	3,49	3,47	3,43	3,53	3,97	3,57	3,54	3,73	3,19	3,65
3,87	3,52	3,54	3,07	3,68	3,63	3,72	3,05	3,41	3,50	3,66	3,82
4,17	3,69	3,79	3,54	3,71	3,63	4,12	3,54	3,50	3,72	3,46	4,10
4,19	3,70	3,97	3,85	3,72	3,96	3,95	3,54	3,66	3,57	3,60	4,15
3,97	3,66	3,74	3,76	4,06	4,03	4,30	3,67	3,77	3,77	4,03	4,39
4,24	3,78	3,85	3,84	3,79	3,60	4,22	3,75	3,71	3,70	3,50	3,99
3,97	3,59	3,66	3,99	3,73	3,65	3,90	3,80	3,48	3,73	3,39	4,00
3,97	3,64	3,67	3,52	3,72	3,40	3,95	3,36	3,79	3,87	3,48	4,05
4,27	3,60	3,76	3,97	3,90	3,81	4,22	4,10	3,95	3,77	3,72	4,17
4,37	3,50	3,60	3,80	3,85	3,61	4,29	3,89	3,84	3,81	3,29	4,17
3,80	3,40	3,60	3,70	3,66	3,68	3,77	3,52	3,34	3,48	3,63	3,94
4,32	3,58	3,95	3,90	3,90	3,96	4,23	3,97	3,83	3,77	3,46	4,29
3,85	3,47	3,52	3,34	3,72	3,56	3,92	3,25	3,43	3,63	3,37	3,63
4,05	3,47	3,62	3,94	3,52	3,50	3,85	3,77	3,59	3,47	3,63	3,85
3,59	3,61	3,70	3,71	3,76	3,60	3,56	3,69	3,63	3,74	3,66	3,62
3,92	3,64	3,71	3,70	3,76	3,89	3,69	3,87	3,23	3,98	3,67	3,82
4,04	3,50	3,66	3,95	3,59	3,62	3,94	3,85	3,85	3,47	3,54	4,14
4,25	3,64	3,73	3,84	3,91	4,32	4,22	3,82	3,92	3,93	3,98	4,27
4,24	3,85	4,00	3,84	3,89	4,04	4,34	3,92	3,98	3,74	3,74	4,19
3,97	3,81	3,84	3,61	3,93	3,90	3,82	3,72	3,48	3,74	3,79	3,50
4,00	3,52	3,94	4,15	4,17	4,17	4,09	4,07	3,93	3,81	3,85	4,20
4,09	3,41	3,52	3,92	3,85	3,71	4,17	3,84	3,61	3,73	3,50	4,10
4,29	3,71	3,93	3,95	3,85	3,75	4,05	3,97	3,66	3,72	3,84	4,07
4,24	3,89	3,80	3,95	3,73	3,78	4,27	3,80	3,84	3,76	3,80	4,19
4,27	4,02	3,99	4,19	4,33	4,31	4,31	4,27	4,06	4,02	4,11	4,15
4,14	3,87	4,02	4,09	3,96	3,93	4,15	3,92	4,02	4,09	3,79	4,25
4,05	3,55	3,80	3,60	3,85	4,00	3,95	3,66	3,52	3,67	3,82	3,95
4,42	3,74	3,97	3,77	4,04	4,06	4,19	3,80	3,59	3,94	3,91	4,07
4,24	3,54	3,77	3,92	3,67	3,98	4,30	3,89	3,86	3,88	3,81	4,17
4,24	3,64	3,97	4,04	3,78	4,00	4,02	4,14	3,98	3,64	3,71	4,20
4,45	3,64	3,77	3,64	3,75	4,25	4,62	3,44	3,46	3,84	4,34	4,24
4,49	3,67	4,14	4,20	4,42	4,07	4,55	4,07	3,54	4,00	3,62	4,20
4,24	3,49	3,60	3,88	3,72	3,78	4,15	3,89	3,78	3,77	3,65	4,12
4,47	4,06	4,30	3,98	4,27	4,35	4,45	3,77	3,79	3,97	4,19	4,47
3,97	3,65	3,74	3,86	3,68	3,91	3,92	3,77	3,68	3,80	3,80	3,92
4,29	3,59	3,80	3,90	3,73	3,80	4,12	3,92	3,98	3,81	3,78	3,70
4,15	3,80	3,94	3,66	4,00	3,61	4,02	3,87	3,81	3,70	3,78	4,19
4,42	3,71	3,92	4,12	3,85	3,86	4,30	3,99	4,04	3,74	3,60	4,19
4,45	4,00	4,13	4,07	4,07	4,22	4,49	3,93	4,27	3,98	3,87	4,35
4,19	3,64	3,72	3,92	3,93	3,98	4,32	3,94	3,66	3,81	3,32	4,30
3,99	3,48	3,57	3,65	3,79	4,04	3,88	3,82	3,71	3,80	3,71	4,02
4,37	3,50	3,69	4,00	4,06	3,55	4,49	3,83	3,79	3,95	3,32	4,19
4,49	3,99	4,26	4,10	4,16	4,02	4,55	3,97	4,00	4,12	3,97	4,40
4,09	3,74	3,83	4,00	4,00	3,93	4,35	4,02	4,12	3,88	3,68	4,06
3,89	3,52	3,75	3,76	3,91	3,76	3,78	3,78	3,58	3,70	3,50	3,75
3,80	3,40	3,57	3,12	3,68	3,53	3,68	3,18	3,45	3,52	3,60	3,23
4,32	3,82	3,80	3,62	3,86	3,53	4,25	3,54	3,76	3,84	3,57	4,22
4,14	3,52	3,80	3,85	4,04	4,20	3,89	3,77	3,69	3,99	3,74	4,07
4,32	3,72	3,69	3,59	3,53	2,94	4,02	3,55	3,42	3,58	2,95	3,79
4,30	3,70	4,00	3,97	4,17	3,90	4,30	3,87	3,76	4,00	3,82	4,22
4,19	3,87	3,82	3,50	3,97	4,00	4,34	3,62	3,58	3,67	3,67	4,15
4,36	3,80	3,85	4,25	4,29	4,23	4,47	4,27	4,15	3,99	3,82	4,44
4,66	4,12	4,25	4,30	4,43	4,50	4,57	4,30	4,24	4,35	4,11	4,60
4,05	3,40	3,52	3,61	3,66	3,46	4,23	3,44	3,36	3,50	3,40	3,97
4,27	3,75	3,95	4,02	4,14	3,93	4,27	3,85	3,40	3,84	3,89	4,25
4,52	3,90	4,00	3,79	4,20	3,96	4,45	3,82	3,87	4,21	4,03	4,32
4,25	3,92	4,02	3,95	3,94	3,84	4,34	3,57	3,68	3,84	3,81	4,09
4,00	4,02	4,11	4,07	4,13	4,19	3,99	3,92	3,98	4,04	3,73	4,07
4,26	3,81	4,05	3,90	3,91	3,86	4,39	3,89	3,82	4,07	3,66	4,49
4,35	3,86	3,93	3,92	4,02	3,76	4,25	3,89	3,94	3,86	3,93	4,25
4,09	3,60	3,57	3,57	3,82	3,48	3,97	3,64	3,64	3,47	3,25	3,99
3,89	3,57	3,79	3,52	3,52	3,82	3,97	3,27	3,47	3,56	3,62	3,97
4,19	3,47	3,62	3,42	3,72	3,75	4,42	3,39	3,62	3,50	3,70	3,99
4,14	3,64	3,70	3,97	4,09	4,19	4,02	3,92	4,10	3,81	3,96	3,87
4,07	3,56	3,90	3,79	4,04	4,09	4,27	3,85	3,82	3,72	3,75	4,20
4,05	3,71	3,85	3,55	3,91	3,70	4,02	3,50	3,50	3,82	3,84	3,89
3,95	3,55	3,60	3,63	4,00	3,61	4,20	3,45	3,54	3,65	3,61	3,85
4,25	3,29	3,55	3,49	3,68	3,68	4,24	3,27	3,57	3,66	3,50	3,94
4,35	3,59	3,79	3,97	3,81	4,13	4,39	3,82	3,88	3,78	3,70	4,04
4,29	3,66	3,90	3,74	4,02	3,77	4,25	3,87	3,79	3,92	3,36	4,10
4,09	3,61	3,42	3,75	4,00	3,86	4,00	3,42	3,66	3,42	3,62	3,74
3,49	3,47	3,80	3,60	3,72	3,72	3,45	3,64	3,89	3,62	3,90	3,95
4,25	3,45	3,85	3,87	3,74	3,74	4,10	3,82	3,93	3,41	3,64	4,30
4,20	3,64	3,80	3,92	3,94	4,13	4,20	3,87	3,95	3,99	3,74	4,09
4,05	3,60	3,75	3,69	3,79	3,78	3,99	3,54	3,81	3,77	3,60	4,07
4,25	3,70	3,84	3,92	3,93	3,85	4,12	4,14	3,65	3,90	3,61	4,04
4,39	3,43	3,78	4,14	3,95	3,68	4,35	3,92	3,87	3,75	3,59	4,07
3,95	3,62	3,80	3,81	3,82	3,81	4,18	3,52	3,67	3,75	3,71	3,99
3,92	3,55	3,74	3,80	3,60	3,88	3,85	3,67	3,54	3,80	3,73	3,72
4,30	3,61	3,52	3,56	4,04	3,84	4,19	3,36	3,32	3,75	3,90	4,10
3,90	3,56	3,74	3,34	3,65	3,94	3,89	3,33	3,45	3,60	3,75	3,52
4,25	3,74	3,94	3,87	3,84	3,68	4,20	3,62	3,58	3,68	3,64	4,29
4,27	3,84	4,04	3,93	4,06	3,98	4,02	3,94	3,48	3,74	3,75	4,34
4,37	3,55	3,75	3,92	3,80	3,90	4,32	3,62	3,37	3,95	3,56	4,02
4,00	3,40	3,64	3,72	3,60	3,54	3,97	3,62	3,52	3,61	3,62	3,97
3,85	3,61	3,62	3,67	3,68	3,35	3,64	3,54	3,52	3,68	3,34	3,64
4,10	3,54	3,79	3,62	3,81	3,90	4,05	3,56	3,70	3,69	3,75	4,02
4,02	3,91	4,00	4,02	4,17	4,03	3,83	3,99	3,87	4,05	3,77	4,04
4,39	3,82	3,90	3,57	4,15	3,93	4,30	3,73	3,64	3,83	3,82	4,15
4,05	3,50	3,82	3,85	3,85	3,80	3,85	3,60	3,32	3,54	3,61	3,79
4,39	4,05	4,19	4,07	4,19	4,08	4,07	4,24	4,00	4,34	4,02	4,20
4,14	3,79	3,90	3,93	4,14	4,00	4,27	3,90	3,75	3,86	3,73	4,29
4,29	4,09	4,07	4,18	4,19	4,30	4,29	4,20	3,76	4,19	4,14	4,30
3,94	3,55	3,77	3,87	3,89	3,95	3,95	3,94	3,50	3,68	3,84	3,99
4,34	3,86	3,95	4,04	4,11	4,06	4,35	3,75	3,72	3,98	3,85	3,95
4,07	3,59	3,74	3,80	3,94	4,00	3,80	3,99	3,61	3,93	4,05	3,79
4,42	4,04	4,09	4,10	4,15	4,19	4,39	4,15	4,10	4,02	4,07	4,09
4,42	3,95	3,97	3,97	4,04	3,75	4,30	3,84	3,97	4,07	3,70	4,26
3,92	3,69	3,79	3,78	3,68	3,88	4,18	3,74	3,62	3,87	3,60	3,87
3,80	3,55	3,55	3,52	3,70	3,50	3,73	3,68	3,52	3,71	3,48	3,95
3,84	3,33	3,49	3,67	3,56	3,42	3,79	3,62	3,43	3,30	3,20	4,10
4,10	3,57	3,74	3,43	3,93	3,62	3,89	3,54	3,77	3,93	3,57	3,82
4,22	4,00	3,90	3,95	4,04	3,94	4,32	3,95	3,65	3,98	4,07	4,35
4,39	4,07	4,07	4,38	4,27	4,06	4,11	4,22	4,26	4,23	4,02	4,00
4,09	3,70	3,80	4,00	3,90	3,63	3,99	3,70	3,88	3,74	3,29	4,20
4,14	3,57	3,74	4,02	4,00	3,82	4,26	4,00	3,85	3,99	3,54	4,12
4,34	3,84	3,79	3,87	3,70	3,75	4,32	3,94	3,64	3,91	3,50	4,12
4,49	3,64	4,07	3,99	4,22	4,32	4,62	3,95	4,04	4,23	4,04	4,50
4,25	3,61	4,04	3,66	3,91	4,13	4,24	3,39	3,56	4,04	4,00	4,14
4,25	3,72	3,86	3,99	3,82	3,81	4,30	3,85	3,61	3,72	3,77	4,15
4,35	3,62	3,90	3,77	3,98	3,96	4,32	3,74	3,63	4,04	3,63	4,32
4,42	3,64	3,89	4,14	4,00	3,91	4,40	3,72	3,88	3,95	3,75	4,29
3,95	3,52	3,83	3,90	3,83	3,78	3,77	3,81	3,80	3,84	3,78	4,24
3,97	3,40	3,69	3,66	3,86	3,55	3,87	3,64	3,57	3,70	3,52	3,59
4,25	3,71	3,88	4,05	3,71	3,86	4,05	4,07	3,95	4,02	3,73	4,22
4,40	3,85	3,94	4,22	3,95	4,10	4,30	4,04	4,04	4,04	3,85	4,09
4,49	4,42	4,27	4,11	4,43	4,29	4,49	4,24	4,31	4,47	4,20	4,67
4,00	3,66	3,85	3,90	3,66	3,92	3,76	3,72	3,50	3,70	3,34	3,82
4,05	3,58	3,59	3,85	3,93	3,75	4,14	3,87	3,93	3,74	3,68	4,05
4,37	3,35	3,65	4,07	3,87	3,92	4,22	3,84	3,82	3,74	3,46	4,17
4,27	3,80	3,94	3,75	3,96	4,00	4,44	3,79	3,84	3,84	3,84	4,34
4,25	3,59	3,80	3,99	3,88	3,90	4,05	3,93	4,07	3,70	3,71	4,20
4,34	3,60	3,94	3,87	3,87	3,62	4,52	3,74	3,50	3,86	3,59	4,22
4,35	3,61	3,92	4,10	3,80	4,22	4,40	3,97	4,14	3,98	3,85	4,15
4,52	3,72	4,04	3,77	4,14	3,74	4,40	3,52	3,46	3,96	3,47	4,45
4,19	3,68	3,86	4,15	3,84	3,96	4,27	3,99	3,79	4,06	3,72	4,22
4,25	3,85	4,19	3,94	4,20	4,02	4,32	3,99	3,96	4,15	3,92	4,29
4,09	3,65	3,94	4,14	3,95	4,00	3,95	3,99	3,81	3,75	3,83	4,24
4,10	3,49	3,67	3,56	3,61	3,85	4,10	3,34	3,69	3,40	3,75	3,54
4,25	3,55	3,71	3,85	3,93	3,98	4,22	3,89	3,62	3,62	3,55	4,29
3,95	3,52	3,69	3,35	3,94	3,09	3,89	3,24	3,36	3,60	3,21	3,70
4,55	3,69	3,81	3,99	3,92	4,03	4,50	3,81	3,71	3,93	3,81	4,34
4,09	3,78	4,00	3,97	4,14	4,13	3,94	4,02	3,74	3,80	3,77	4,15
4,39	3,72	4,04	4,02	4,11	4,25	4,27	3,94	4,16	4,09	3,80	4,29
4,40	3,69	3,97	3,48	4,10	3,97	4,38	3,69	3,64	3,71	3,43	4,39
4,20	3,59	3,79	3,59	3,71	3,53	4,22	3,29	3,26	3,70	3,47	3,94
4,25	3,67	3,72	3,68	3,83	4,02	4,00	3,77	3,79	4,00	3,68	4,27
4,20	3,83	4,15	3,92	4,00	3,98	4,17	4,00	3,84	4,06	3,82	4,37
4,49	3,69	4,00	4,24	4,00	4,21	4,27	4,12	4,08	4,00	3,83	4,24
4,25	3,77	3,84	4,07	4,07	4,06	4,17	4,02	3,76	4,00	3,90	4,24
4,07	3,64	3,86	3,70	3,93	3,81	4,04	3,67	3,71	3,80	3,62	4,12
4,20	3,95	4,17	4,14	4,47	4,41	4,39	4,07	4,07	4,04	3,93	4,40
4,37	3,97	4,04	4,22	4,00	4,15	4,39	4,17	3,92	4,09	4,04	4,29
4,28	3,92	4,00	4,02	4,27	4,10	4,07	3,99	3,91	3,88	3,78	4,34
3,98	3,54	3,60	3,59	3,90	3,86	3,97	3,67	3,77	3,54	3,84	4,15
4,24	3,77	3,69	3,67	4,02	3,82	4,09	3,64	3,61	3,64	3,42	3,84
4,07	3,49	3,66	3,80	3,70	3,94	4,25	3,84	3,52	3,86	3,59	4,17
4,37	3,85	3,88	3,79	3,94	4,15	4,35	4,06	3,96	3,90	3,96	3,97
4,20	3,76	3,86	3,76	3,86	3,75	4,35	3,73	3,73	3,95	4,15	4,12
4,12	3,69	3,92	3,87	4,21	4,23	4,37	3,67	3,70	3,72	3,61	4,29
4,14	3,73	3,80	4,00	3,81	3,87	4,22	3,99	3,70	3,78	3,63	4,02
4,25	3,84	3,88	4,00	3,80	3,98	4,34	3,99	3,77	3,91	3,56	4,25
4,55	4,00	4,15	4,16	4,21	4,08	4,39	4,32	4,07	4,21	3,64	4,54
4,09	3,50	3,72	3,79	3,59	3,43	3,85	3,74	3,73	3,73	3,43	4,04
4,39	3,74	3,93	4,04	4,06	4,17	4,47	3,95	3,78	3,94	3,65	4,14
3,90	3,79	3,80	4,10	3,98	3,89	3,84	4,05	3,68	3,89	3,82	4,02
3,85	3,43	3,54	3,82	3,76	3,66	3,90	3,66	3,71	3,62	3,52	4,04
4,17	3,70	3,82	4,02	3,89	3,78	4,30	3,97	3,92	3,85	3,86	4,29
3,89	3,50	3,47	3,47	3,71	3,54	3,77	3,49	3,41	3,54	3,57	3,89
4,29	3,61	3,81	3,87	3,87	3,89	4,15	3,97	3,57	3,67	3,71	4,30
4,24	3,75	3,97	4,13	4,06	3,79	4,05	4,19	3,82	3,69	3,61	4,19
4,24	3,65	3,84	3,67	3,96	3,99	4,09	3,90	3,62	3,87	3,90	4,30
3,59	3,36	3,34	3,42	3,48	3,34	3,64	3,32	3,23	3,57	3,37	3,72
4,12	3,68	3,80	3,94	3,82	3,90	3,85	3,94	3,74	3,76	3,73	4,00
4,30	3,57	3,64	4,04	3,96	3,95	4,00	3,99	3,78	3,91	3,84	3,95
3,37	3,21	3,34	3,16	3,72	3,82	3,44	3,22	3,07	3,23	3,28	3,34
4,04	3,50	3,64	3,77	3,66	3,76	3,82	3,82	3,64	3,47	3,52	3,97
4,09	3,59	3,75	4,00	3,86	3,84	3,83	3,88	3,85	3,82	3,48	4,16
4,21	3,86	3,87	3,97	3,98	4,10	4,11	3,97	4,04	3,82	3,84	4,20
4,15	3,69	3,79	4,02	3,75	3,70	4,15	3,94	3,65	3,61	3,65	4,15
4,47	3,79	4,07	4,24	4,08	4,12	4,52	4,14	3,88	3,94	3,83	4,47
4,17	3,27	3,72	3,81	3,73	3,79	3,95	3,74	3,81	3,62	3,57	4,30
4,24	3,60	3,75	3,74	3,88	3,54	4,29	3,60	3,73	3,72	3,63	4,27
4,22	3,60	3,85	4,15	4,06	4,00	4,07	4,07	3,63	3,80	3,56	4,10
4,42	3,72	3,94	4,14	3,96	4,02	4,47	4,16	4,19	3,95	3,72	4,35
4,20	3,73	3,79	3,68	3,82	3,84	4,26	3,57	3,73	3,80	3,73	4,09
4,44	3,64	3,73	3,89	4,32	4,00	4,45	4,12	3,67	3,80	3,65	4,49
4,09	3,57	3,61	3,91	3,66	3,93	3,81	3,90	3,64	3,71	3,59	4,02
4,10	3,57	3,74	3,65	3,62	3,53	4,29	3,65	3,82	3,80	3,61	4,22
4,29	3,50	3,78	4,17	3,59	3,95	4,15	4,10	3,84	3,78	3,58	4,20
4,29	3,70	3,92	4,19	3,89	3,89	4,18	4,09	4,17	3,74	3,86	4,50
4,04	3,74	4,00	4,12	3,85	3,90	4,20	3,98	4,16	3,63	3,70	4,27
4,20	3,45	3,64	4,00	3,83	3,79	4,17	3,92	3,76	3,74	3,61	4,07
4,07	3,69	3,85	4,07	3,63	3,62	3,99	4,14	3,72	3,69	3,65	4,12
4,30	3,71	4,00	4,26	4,08	4,32	4,40	4,05	3,69	4,02	4,04	4,27
3,97	3,59	3,74	4,16	3,65	4,00	3,80	4,14	3,87	3,57	3,68	4,22
4,19	3,45	3,69	3,94	3,86	3,86	4,24	4,02	3,83	3,68	3,44	4,30
4,19	3,74	3,90	4,30	4,23	4,02	4,27	4,17	3,98	3,88	3,80	4,27
4,45	3,80	3,90	4,02	4,12	4,33	4,27	4,10	3,88	3,97	3,81	4,14
4,29	3,83	4,02	4,24	3,88	4,04	4,32	4,12	3,95	3,85	4,05	4,30
4,14	3,45	3,64	4,13	3,95	4,06	4,25	4,00	3,73	3,80	3,63	4,07
4,30	3,82	3,97	4,05	4,04	3,98	4,24	4,02	3,87	3,81	3,84	4,14
4,20	3,47	3,75	3,80	3,66	3,91	4,14	3,94	4,06	3,94	3,60	4,19
4,19	3,59	3,85	3,88	3,75	4,14	4,20	3,87	3,91	3,69	3,81	4,14
4,32	3,71	3,88	4,05	3,72	4,04	4,17	3,85	3,90	3,79	4,02	4,00
4,39	3,62	3,92	4,12	4,02	3,90	4,22	4,07	3,76	3,91	3,75	4,32
4,07	3,60	3,82	3,90	3,60	3,76	4,00	3,89	3,69	3,83	3,52	4,12
4,37	3,59	3,80	4,02	3,91	3,92	4,30	3,89	3,68	3,50	3,73	4,32
4,17	3,74	3,88	3,89	3,84	3,92	4,05	3,90	4,03	3,89	3,75	4,14
4,50	3,92	4,12	4,25	3,91	4,02	4,39	4,14	4,26	3,95	3,71	4,57
4,24	3,54	3,67	4,14	3,53	3,69	4,17	4,00	3,68	3,87	3,57	4,27
4,29	3,39	3,91	3,95	3,82	3,82	4,20	4,04	4,22	3,75	3,52	4,23
4,04	3,45	3,55	3,79	3,80	3,75	4,00	3,84	3,74	3,75	3,60	4,24
4,17	3,47	3,70	3,82	3,50	3,79	4,14	3,67	3,84	3,39	3,50	4,17
4,29	3,70	3,90	4,07	3,79	3,82	4,25	3,89	4,08	3,91	3,59	4,22
4,35	3,60	3,94	4,10	3,95	3,84	4,25	4,19	4,16	3,97	3,50	4,37
4,37	4,00	4,14	4,22	4,19	4,11	4,37	4,16	4,19	4,29	3,93	4,47
4,15	3,62	3,90	4,05	4,11	4,08	4,12	4,13	4,06	3,86	3,89	4,42
4,07	3,47	3,67	3,97	3,78	3,94	4,15	3,80	3,66	3,59	3,37	4,19
4,42	3,65	3,84	4,04	4,04	4,11	4,30	4,04	4,07	3,66	3,79	4,35
3,99	3,62	3,85	4,00	3,71	3,98	4,00	3,92	3,85	3,63	3,73	4,15
4,39	3,86	3,86	4,30	3,73	4,04	4,19	4,25	3,96	4,19	3,94	4,37
4,00	3,57	3,81	3,84	3,91	3,83	4,06	3,64	3,78	3,77	3,63	3,94
4,17	3,56	3,52	3,85	3,70	3,98	4,07	3,87	3,72	3,85	3,35	4,15
4,47	3,87	4,09	4,22	4,12	4,15	4,37	4,34	3,99	4,02	4,04	4,40
4,00	3,60	3,90	4,09	3,95	3,98	4,05	4,05	4,00	3,84	3,82	4,09
4,27	3,82	4,04	3,94	3,98	4,08	4,35	4,07	3,65	4,02	3,74	4,39
4,35	3,72	3,94	4,19	4,15	4,23	4,49	3,97	3,91	3,82	4,00	4,57
4,22	3,93	3,95	4,10	3,90	4,02	4,04	4,16	3,84	4,05	3,98	4,30
4,10	3,90	4,00	4,09	4,24	3,78	4,09	4,10	3,61	3,91	3,71	4,09
4,40	4,02	4,09	4,54	4,06	4,14	4,30	4,22	4,11	4,23	4,13	4,30
3,84	3,69	3,79	3,93	4,09	4,16	3,98	4,10	4,04	3,91	3,81	4,00
4,25	3,73	3,88	4,20	3,79	4,04	4,29	3,82	3,78	3,86	3,82	4,14
4,24	3,64	3,89	4,11	4,11	4,18	4,22	4,07	3,97	3,64	3,92	4,24
4,34	3,85	3,90	4,14	3,92	4,18	4,22	4,14	4,02	4,08	3,97	4,37
4,20	3,91	4,02	4,24	4,07	3,93	4,23	4,24	4,23	4,04	4,00	4,24
4,02	3,50	3,94	4,05	3,72	4,17	4,00	3,94	3,91	3,87	3,56	4,27
4,09	3,66	3,74	3,87	3,79	4,07	4,07	3,87	3,82	3,65	3,69	4,16
4,14	3,54	3,65	3,94	3,83	3,95	4,15	3,89	3,81	3,69	3,59	4,10
4,12	3,97	4,06	4,21	4,04	4,09	3,95	4,14	4,08	4,15	4,13	4,19
4,37	4,02	3,97	4,14	4,13	3,75	4,27	4,00	4,23	4,19	3,76	4,34
4,07	3,69	4,00	4,02	3,91	3,82	3,73	4,00	3,65	3,86	3,53	4,05
4,02	3,56	3,61	3,56	3,73	3,77	3,95	3,62	3,56	3,80	3,86	4,04
3,95	3,22	3,60	3,26	3,83	3,87	3,79	3,50	3,28	3,61	3,71	3,87
4,44	3,74	4,00	3,82	3,91	4,00	4,45	4,10	4,06	4,00	3,74	4,42
4,35	3,73	3,80	3,80	3,98	3,75	4,35	3,65	3,89	3,76	3,79	4,25
4,00	3,54	3,62	3,64	3,88	3,74	3,93	3,70	3,66	3,57	3,50	4,07
4,34	3,47	3,64	3,59	3,79	3,72	4,44	3,74	3,62	3,44	3,49	4,20
4,30	3,43	3,68	3,95	3,73	3,85	4,29	3,54	3,72	3,70	3,64	4,26
4,17	3,37	3,57	3,54	3,78	3,84	4,24	3,36	3,45	3,59	3,79	4,00
4,27	3,61	3,84	3,67	3,84	3,81	4,29	3,65	3,52	3,65	3,50	4,07
4,17	3,49	3,67	3,85	3,98	4,12	4,15	3,80	3,82	3,78	3,72	4,19
4,29	3,19	3,35	3,19	3,72	3,42	4,10	3,00	3,10	3,16	3,11	3,99
3,97	3,18	3,47	3,42	3,62	3,52	3,84	3,36	3,48	3,41	3,29	4,12
4,27	3,50	3,72	3,56	3,77	3,64	4,24	3,40	3,26	3,63	3,61	4,12
4,25	3,50	3,62	3,42	3,84	3,81	4,25	3,61	3,41	3,60	3,62	4,00
3,99	3,50	3,71	3,40	3,55	3,90	4,18	3,30	3,55	3,65	3,61	4,15
4,42	3,67	3,90	3,74	3,77	3,90	4,34	3,80	3,61	3,62	3,50	4,32
4,17	3,60	3,77	3,55	3,99	3,88	4,27	3,54	3,72	3,69	3,54	4,04
4,25	3,65	3,78	3,65	4,02	3,96	4,22	3,59	3,56	3,75	3,74	4,12
4,54	3,73	3,90	3,80	3,92	4,15	4,42	3,84	3,70	3,92	3,87	4,42
3,62	3,45	3,61	3,52	3,68	3,70	3,54	3,32	3,46	3,58	3,47	3,75
4,37	3,95	4,09	4,04	4,09	4,15	4,34	4,17	3,96	4,15	3,95	4,27
4,25	3,42	3,57	3,95	3,98	3,89	4,15	3,57	3,50	3,65	3,70	4,23
4,40	3,83	3,97	3,95	4,18	3,97	4,40	4,12	3,89	3,99	3,74	4,45
4,29	3,32	3,59	3,67	3,91	3,91	4,07	3,50	3,77	3,75	3,57	4,29
4,44	3,84	3,79	3,71	4,11	3,89	4,35	3,85	3,80	3,96	3,79	4,22
4,29	3,57	3,72	3,66	4,04	3,86	4,40	3,69	3,55	3,74	3,59	4,30
4,27	3,52	3,74	3,99	3,89	3,83	4,35	3,90	3,95	3,68	3,19	4,35
4,50	3,88	4,04	3,99	3,96	3,85	4,65	4,20	4,16	4,08	3,72	4,52
4,22	3,73	3,99	4,21	3,58	4,03	4,35	4,04	3,91	3,82	3,82	4,34
4,47	3,69	3,79	3,74	3,84	3,88	4,32	3,52	3,67	3,68	3,92	4,19
3,99	3,99	3,95	3,70	4,05	3,69	3,97	3,90	3,74	3,74	3,90	4,04
3,66	3,48	3,50	3,21	3,67	3,66	3,48	3,32	3,09	3,22	3,32	3,53
4,00	3,59	3,78	3,92	3,61	3,73	4,03	3,89	3,71	3,81	3,50	4,09
4,49	3,85	3,85	3,79	4,15	3,84	4,19	3,87	3,62	3,72	3,75	4,40
4,35	3,72	3,68	3,70	4,02	4,05	4,29	3,72	3,85	3,86	3,53	4,40
4,62	3,85	3,99	3,97	4,32	4,27	4,67	4,04	3,82	4,21	4,00	4,57
4,32	3,77	4,08	4,07	4,16	4,17	4,39	3,84	3,79	4,21	4,03	4,59
4,49	3,70	3,95	3,83	3,98	3,90	4,37	3,75	3,75	3,82	3,50	4,04
4,35	3,80	3,86	3,70	4,02	3,68	4,47	3,72	3,95	3,97	3,69	4,27
4,44	3,55	3,70	3,75	3,67	4,09	4,37	3,77	3,81	3,74	3,45	4,19
4,54	3,90	4,09	3,62	4,07	4,29	4,44	3,69	3,63	3,77	3,74	4,47
4,59	3,90	3,97	3,85	4,32	4,30	4,49	3,84	3,86	4,12	4,02	4,50
4,10	3,62	3,74	3,83	3,92	3,83	4,15	3,88	3,79	3,73	3,64	4,12
4,37	3,80	4,02	3,95	4,06	3,96	4,23	3,93	3,80	4,08	3,81	4,44
4,32	3,77	3,92	3,84	4,02	3,92	4,25	3,73	3,77	3,82	3,62	4,29
4,07	3,69	3,82	3,71	3,96	4,07	3,94	3,68	3,58	4,02	3,74	3,97
4,64	3,94	4,09	3,86	4,07	4,22	4,59	3,88	3,76	4,04	3,96	4,59
4,22	3,75	3,84	3,82	4,15	4,31	4,42	3,88	3,78	3,94	3,83	4,34
4,62	3,82	4,07	3,89	4,26	3,93	4,60	3,79	3,82	4,02	4,00	4,70
4,09	3,76	3,74	3,88	4,04	3,91	4,17	3,74	3,87	3,58	3,70	4,12
4,02	3,82	3,78	3,74	4,08	3,76	3,84	3,74	3,75	3,36	3,61	4,09
3,95	3,47	3,67	3,76	3,91	4,03	3,90	3,97	3,81	3,79	3,24	4,17
4,24	3,71	3,93	3,92	4,00	3,89	4,28	3,80	3,89	3,80	3,78	4,34
4,25	3,78	3,95	3,99	3,95	3,93	4,04	3,94	3,67	3,78	3,75	4,30
4,12	4,15	3,92	3,89	4,18	3,64	4,04	4,02	3,70	3,84	4,06	4,30
4,14	3,64	3,68	3,75	3,86	3,83	4,23	3,76	3,70	3,48	3,63	4,09
4,44	3,93	4,25	4,06	4,13	4,12	4,18	4,16	3,76	4,02	4,03	4,52
4,50	3,80	4,08	3,78	4,16	4,07	4,47	3,91	3,84	4,05	3,77	4,47
4,19	3,55	3,92	3,64	4,03	4,03	4,19	3,65	4,11	3,95	3,67	4,27
4,67	4,09	4,18	3,93	4,30	3,78	4,49	4,07	3,82	4,14	3,96	4,43
4,09	3,82	4,11	3,98	4,09	3,70	4,16	3,78	3,75	4,08	3,86	4,29
4,45	3,82	3,97	3,69	4,26	3,98	4,43	3,75	3,78	4,22	3,67	4,47
